random_seed = 23
out_title = 'res_23D_strat=0.15_pmar=0.15_dim=900_repair_4.csv'
strategies_string ='numpy.random.choice(2, 100, p=[1-0.15, 0.15])*0.15'
t_max = 360
males = 100
F_per_M = 9
females = 900
female_visit_param = [0, 180.0]
x_dim = 900
y_dim = 900
bird_speed = 43200
improb_dist = 800
improb_sds = 2
FG_tau_mean = 0.4
FG_tau_std = 0.167
FG_tau_range = [0, 1]
FG_tau_norm_range = [-2.395209580838323, 3.5928143712574845]
FG_k = 1.5
FG_theta = 5
FG_divisor = 60
RBSB_tau_mean = 0.1583
RBSB_tau_std = 0.09755
RBSB_tau_norm_range = [-1.6227575602255253, 3.502819067145054]
damage_to_bower = 4
time_spent_marauding = 0.1
